	SRR2672238	SRR2672239	SRR2672242	SRR2672244	SRR2672255	SRR2672260	SRR2672261	SRR2672262	SRR2672263	SRR2672243	SRR2672257	SRR2672259	SRR2672235	SRR2672237	SRR2672240	SRR2672264	SRR2672236	SRR2672241	SRR2672258	SRR2672256
g__Achromobacter	0	11.7274081255302	0	0	0	0	0	0	0	0	0	0	21.4882121807466	0	0	0	0	0	2.68690804057231	0
g__Acidovorax	0	43.0004964602773	0	0	0	0	0	0	0	0	0	0	0	1.93637835283911	0	0	0	0	0	0
g__Acinetobacter	0	1755.20208278768	0	11.8259623799242	0	47.9878332385883	3.77439675703831	14.1411913105208	87.1088126610367	2.97878361371133	855.514137807614	79.0227519673372	33.7671905697446	7.74551341135647	0	0	142.395436442013	201.38308382096	34.92980452744	14.539765531741
g__Actinobacillus	0	0	0	5.0682695913961	0	0	0	0	0	123.61951996902	0	182.191344813583	0	0	723.226054801871	0	0	0	0	39.2573669357008
g__Actinomyces	1775.15683059287	29955.709488646	0	16.8942319713203	18.0323139065205	0	7.54879351407661	0	36.677394804647	5.95756722742268	61.1081527005438	188.776574144194	18.418467583497	0	32.0785750113733	0	94.930290961342	18.9984041340527	5.37381608114462	2.90795310634821
g__Adlercreutzia	0	0	0	0	14.0251330384049	0	0	0	0	0	0	0	18.418467583497	0	23.3298727355442	0	0	0	0	0
g__Aerococcus	0	27.3639522929038	0	0	0	0	0	0	0	1.48939180685567	0	0	0	0	0	0	608.416864797692	243.179572915874	26.8690804057231	0
g__Aggregatibacter	0	160.274577715579	0	89.5394294479979	0	188.259961166768	60.3903481126129	0	424.082377428732	0	0	0	0	0	5838.30065206995	0	0	0	0	1328.93456960113
g__Agrobacterium	6528.96664811279	582.461270234666	687.013930111398	11.8259623799242	6.01077130217349	29.5309743006696	26.4207772992682	2.82823826210415	34.3850576293566	7.44695903427835	2.18243402501942	24.1458408789086	39.9066797642436	19.3637835283911	8.74870227582908	56.5751657652357	146.710449667528	319.173189452085	126.284677906899	33.4414607230044
g__Akkermansia	1684.89461886781	0	0	1.68942319713203	997.7880361608	0	0	0	2560.54062479941	0	0	390.723606949611	2704.44499017682	0	16470.8901512942	43823.1234017515	0	0	0	0
g__Alistipes	0	0	0	1038.9952662362	0	0	0	0	495.144829862735	0	0	0	0	0	0	0	0	0	0	0
g__Alloiococcus	0	488.642005230424	0	0	0	0	0	0	0	4.46817542056701	0	0	0	69.7096207022083	5.83246818388606	0	0	0	0	0
g__Anaerococcus	0	820.918568787113	111.489102693516	0	16.0287234724627	29.5309743006696	0	28.2823826210415	84.8164754857462	0	381.925954378399	4.39015288707428	0	0	0	0	43.1501322551554	0	0	0
g__Anaerofustis	0	0	0	1.68942319713203	20.0359043405783	0	0	0	64.1854409081322	4.46817542056701	0	0	0	77.4551341135647	0	0	0	0	0	0
g__Anaerostipes	1113.23394460909	0	0	0	12.021542604347	0	0	0	0	0	0	0	73.6738703339882	0	20.4136386436012	0	0	0	0	0
g__Anaerotruncus	0	0	0	3.37884639426407	8.01436173623132	0	30.1951740563064	36.767097407354	0	0	0	0	21.4882121807466	0	2.91623409194302	0	0	0	0	0
g__Arthrobacter	2963.60928497284	66.4553127113376	0	0	0	0	0	0	0	0	0	0	0	0	0	0	0	0	0	0
g__Bacillus	0	0	0	0	0	0	15.0975870281533	0	25.2157089281948	0	0	0	0	0	0	0	60.4101851572175	53.1955315753476	177.335930677772	0
g__Bacteroides	339762.008635085	650468.509954615	950143.278563056	847446.774722174	778110.373789832	739071.693822859	936250.438773623	950938.550867279	420980.845230564	520943.082892101	949326.064373074	710958.919144359	737647.347740668	769553.548606969	840592.81206621	934101.246916653	530.746626738412	1261.4940345011	923401.625579365	898019.538536921
g__Bdellovibrio	1699.93832082199	62.5461766694943	0	0	4.00718086811566	0	0	0	0	0	50.1959825754467	0	0	0	0	0	0	0	0	0
g__Bifidobacterium	5205.1208761452	0	2467.82635421595	278.754827526786	32.0574469449253	22.1482307255022	596.354687612053	5761.12133990616	126.078544640974	111.704385514175	0	0	27.6277013752456	50.345837173817	107.900661401892	11.3150331530471	276.160846432995	330.572231932518	5.37381608114462	1231.51814053847
g__Bilophila	0	0	0	12604.7864738021	6722.04590626402	0	10217.2920213027	0	7947.53298673196	0	2.18243402501942	654.132780174069	3560.90373280943	0	0	0	0	7.59936165362108	0	822.950729096542
g__Blastococcus	2873.34707324778	1043.73932317219	0	0	6.01077130217349	0	0	0	11.4616858764522	0	0	0	0	0	0	0	0	0	0	0
g__Blautia	141410.798369263	578.552134192823	159.700606560983	5411.2225004139	50.0897608514458	258.396025130859	17282.9627504784	6536.05862372269	3307.8425439441	2170.04386258871	63.2905867255632	1044.85638712368	1132.73575638507	1157.95425499779	1889.71969157909	848.627486478536	25700.2187711706	32825.4426628162	2445.0863169208	126.495960126147
g__Brachybacterium	0	938.192650042414	0	0	0	0	0	0	0	0	0	0	0	19.3637835283911	0	0	0	0	0	0
g__Brevibacterium	0	531.6425016907	0	0	0	0	0	0	0	4.46817542056701	0	0	0	0	0	0	0	0	0	0
g__Brevundimonas	15.0437019541769	3.9091360418434	0	0	0	0	0	0	0	1.48939180685567	0	0	0	0	0	0	0	7.59936165362108	2.68690804057231	0
g__Bulleidia	0	0	0	0	0	0	0	0	0	0	0	13.1704586612229	0	0	0	0	12.9450396765466	0	0	0
g__Burkholderia	0	0	0	0	0	0	37.7439675703831	0	162.755939445621	0	0	0	0	0	0	0	0	0	0	0
g__Butyricicoccus	0	0	162.7138255527	0	0	0	7.54879351407661	0	0	0	462.676013304118	0	3.06974459724951	0	0	0	7754.07876625143	6292.27144919825	13.4345402028615	0
g__Butyricimonas	0	121.183217297145	632.775988260499	3.37884639426407	12.021542604347	0	0	0	16954.1257484481	0	0	0	26645.3831041257	0	0	0	0	0	0	1.4539765531741
g__Campylobacter	0	7454.72243179535	0	199.35193726158	38.0682182470988	140.272127928181	596.354687612053	432.720454101935	107.739847238651	145.960397071856	0	0	6.13948919449901	32.918431998265	195.387684160183	33.9450994591414	47.4651454806709	0	123.597769866326	1560.11684155581
g__Capnocytophaga	0	0	0	37.1673103369048	0	0	0	0	2.29233717529044	0	0	0	0	0	0	0	0	0	0	2.90795310634821
g__Carnobacterium	0	152.456305631892	3.01321899171666	0	0	0	0	0	0	0	0	8.78030577414858	0	0	0	0	116.50535708892	121.589786457937	0	0
g__Caulobacter	0	0	0	0	0	0	0	0	0	0	3125.24552382782	2.19507644353715	0	0	0	0	0	0	0	0
g__Chryseobacterium	8890.82785491851	1270.4692135991	578.538046409599	0	12.021542604347	107.049781839927	7.54879351407661	2.82823826210415	158.171265095041	0	261.892083002331	57.0719875319657	0	0	0	0	306.365939011603	501.557869138991	118.223953785182	1.4539765531741
g__Citrobacter	0	0	12.0528759668666	0	0	0	0	0	0	0	0	0	0	0	5.83246818388606	11.3150331530471	0	0	0	0
g__Clavibacter	0	0	0	0	0	0	0	0	0	2.97878361371133	0	0	0	0	0	0	0	170.985637206474	0	0
g__Clostridium	2587.51673611843	0	3.01321899171666	17847.0666545028	46.0825799833301	4850.46252888498	671.842622752819	8.48471478631245	644.146746256614	65.5332395016495	0	2.19507644353715	85.9528487229862	29.0456752925868	75.8220863905187	0	52017.4844335899	49137.4724523139	5588.7687243904	0
g__Collinsella	1293.75836805921	0	0	250.034633175541	2.00359043405783	0	0	0	61.8931037328418	49.1499296262371	0	164.630733265286	27.6277013752456	0	259.54483418293	0	0	0	252.569355813798	0
g__Comamonas	195.568125404299	0	0	0	0	40.6050896634207	0	0	0	0	0	4.39015288707428	24.5579567779961	0	0	0	0	0	0	4.36192965952231
g__Conchiformibius	0	0	0	0	0	0	0	0	0	0	0	0	0	0	0	0	151.025462893044	239.379892089064	0	0
g__Coprobacillus	0	0	0	28.7201943512446	0	0	86.811125411881	8.48471478631245	0	4.46817542056701	0	0	49.1159135559921	0	0	0	336.571031590212	832.130101071509	0	0
g__Coprococcus	43581.6045612504	0	313.374775138533	1415.73663919664	68.1220747579662	44.2964614510046	3110.10292779956	916.349196921745	1217.23104007922	31.277227943969	39.2838124503496	2649.45726734934	322.323182711198	125.864592934543	6115.34289080453	169.725497295707	4.31501322551553	75.9936165362108	1340.76711224558	2560.4527101396
g__Corynebacterium	29831.6609751327	8928.46671957032	222.978205387032	0	210.376995576072	14.7654871503348	86.811125411881	22.6259060968332	66.4777780834228	2.97878361371133	183.324458101632	318.286084312885	131.999017681728	65.83686399653	8.74870227582908	33.9450994591414	1415.3243379691	2181.01679458925	131.658493988043	8.72385931904463
g__Cryocola	0	0	0	0	8.01436173623132	0	0	0	0	0	0	0	0	0	0	0	0	41.7964890949161	0	0
g__Curvibacter	0	0	0	0	0	0	0	0	0	0	17.4594722001554	0	3.06974459724951	0	0	0	0	0	0	17.4477186380893
g__Deinococcus	0	570.733862109136	0	0	0	0	0	0	0	7.44695903427835	0	0	0	0	0	0	0	0	0	0
g__Delftia	21482.4063905646	6696.35003967772	4800.05785380464	0	120.21542604347	254.704653343276	37.7439675703831	0	472.22145810983	7.44695903427835	694.014019956177	212.922415023103	6.13948919449901	0	0	0	880.26269800517	2127.82126301391	405.723114126419	17.4477186380893
g__Desulfovibrio	15.0437019541769	0	0	8.44711598566017	0	0	0	0	22856.8939748209	0	0	89.9981341850229	374.50884086444	0	0	0	4090.63253778873	3111.93859715783	0	0
g__Devosia	1955.68125404299	805.282024619738	99.4362267266498	0	18.0323139065205	14.7654871503348	0	0	59.6007665575514	0	24.0067742752136	24.1458408789086	0	0	0	0	30.2050925786087	0	13.4345402028615	0
g__Dialister	0	207.1842102177	0	67.5769278852814	38.0682182470988	0	0	16.9694295726249	1611.51303422918	0	37.1013784253302	6.58522933061143	0	0	285.790941010417	0	73.3552248337643	0	0	793.87119803306
g__Dietzia	1038.01543483821	375.277060016966	111.489102693516	0	0	0	0	0	0	0	0	0	0	0	0	0	77.6702380592798	125.389467284748	0	0
g__Dorea	14005.6865193387	3451.76712494773	268.176490262783	1949.59436949037	22.0394947746361	13827.8787162886	1672.05776336797	503.426410654539	96.2781613621984	516.818956978917	1514.60921336348	173.411039039435	174.975442043222	507.331128443849	953.60854806537	5702.77670913577	22912.7202274875	23178.0530435442	2353.73144354134	0
g__Dyadobacter	3715.79438268169	0	0	0	0	0	0	0	0	0	0	0	0	0	0	0	0	15.1987233072422	0	0
g__Dysgonomonas	0	0	0	0	0	0	0	0	0	0	0	0	0	0	0	0	5096.03061933385	3944.06869822934	0	0
g__Eggerthella	0	1078.92154754878	3.01321899171666	113.191354207847	204.366224273899	0	222.689408665261	477.972266295602	9.16934870116176	7.44695903427835	56.743284650505	0	0	58.0913505851735	1000.26829353646	350.766027744462	5423.97162447303	4141.65210122349	892.053469470008	39.2573669357008
g__Eikenella	0	2564.39324344926	0	0	0	0	0	22.6259060968332	0	0	0	65.8522933061143	0	17.4274051755521	195.387684160183	0	0	0	0	456.548637696669
g__Elizabethkingia	42543.5891264122	8533.64397934411	1925.44693570695	1.68942319713203	182.326729499263	786.262190755328	124.555092982264	0	398.866668500537	14.8939180685567	920.987158558196	300.725472764589	3.06974459724951	0	0	0	1812.30555471653	2405.19796337107	513.199435749311	0
g__Enhydrobacter	0	0	0	0	0	0	0	0	0	0	19.6419062251748	2.19507644353715	0	0	0	0	0	87.3926590166425	21.4952643245785	0
g__Enterobacter	45.1311058625306	15327.7224200679	0	856.537560945941	0	0	0	0	0	28.2984443302577	0	129.509510168691	0	0	0	33.9450994591414	0	7.59936165362108	5.37381608114462	0
g__Enterococcus	0	535.551637732544	0	0	0	0	7.54879351407661	0	0	0	0	39.5113759836686	9.20923379174852	0	0	22.6300663060943	634.306944150784	387.567444334676	0	0
g__Epulopiscium	0	0	36.1586279005999	1.68942319713203	6.01077130217349	99.66703826476	0	0	75.6471267845845	11.9151344548454	0	0	24.5579567779961	13.5546484698738	0	0	303133.994105692	306649.441446919	37.6167125680124	0
g__Erwinia	1624.7198110511	15.6365441673736	0	1.68942319713203	0	0	0	0	268.203449508981	1.48939180685567	0	0	46.0461689587426	0	0	0	34.5201058041243	0	0	0
g__Escherichia	8755.43453733093	2986.57993596835	662.908178177665	43.9250031254329	28.0502660768096	1288.28875386671	52.8415545985363	5.6564765242083	256.74176363253	1.48939180685567	309.905631552758	15.36553510476	138.138506876228	1.93637835283911	72.9058522985758	452.601326121886	1678.54014472555	1497.07424576335	120.910861825754	327.144724464173
g__Eubacterium	1714.98202277616	0	6.02643798343332	351.400025003463	122.219016477528	3658.14944149545	471.799594629788	446.861645412456	261.32643798311	393.199437009897	115.669003326029	13.1704586612229	6.13948919449901	379.530157156467	87.4870227582908	101.835298377424	44051.9700192881	42685.6144083896	2103.84899576812	11.6318124253928
g__Faecalibacterium	5445.82010741203	516.005957523328	0	2436.1482502644	192.344681669552	173.494474016434	2551.4922077579	2596.32272461161	1918.68621571809	437.881191215567	2.18243402501942	3722.84964823899	343.811394891945	3.87275670567824	16890.8278605341	3745.2759736586	306.365939011603	315.373508625275	2998.5893732787	1615.36795057643
g__Finegoldia	0	645.00744690416	0	6.75769278852814	0	3.6913717875837	15.0975870281533	0	0	0	13.0946041501165	39.5113759836686	9.20923379174852	0	8.74870227582908	0	107.875330637889	45.5961699217265	0	0
g__Flavobacterium	1985.76865795135	35.1822243765904	0	0	0	0	3.77439675703831	0	0	0	0	0	0	0	0	0	0	0	94.0417814200308	0
g__Friedmanniella	1654.80721495945	371.367923975122	42.1850658840333	1.68942319713203	0	0	0	0	0	0	0	4.39015288707428	0	0	0	0	0	0	0	0
g__Frigoribacterium	0	0	0	0	0	0	0	0	0	0	0	0	0	0	0	22.6300663060943	4.31501322551553	98.7917014970741	0	0
g__Fusobacterium	1609.67610909693	2685.57646074642	9.03965697514998	577.782733419155	0	14.7654871503348	0	0	279.665135385434	0	0	0	58.3251473477406	0	157.476640964924	0	159.655489344075	167.185956379664	0	2401.96926584362
g__Gardnerella	1053.05913679238	250.184706677977	0	0	2.00359043405783	0	0	0	0	0	4.36486805003884	4.39015288707428	0	3.87275670567824	0	0	0	0	0	0
g__Gemella	15.0437019541769	371.367923975122	207.912110428449	0	0	0	0	0	0	0	0	0	0	0	0	0	0	0	260.630079935514	0
g__Geobacillus	466.354760579483	414.368420435399	0	0	0	3.6913717875837	18.8719837851915	0	0	0	0	0	0	0	0	0	0	0	0	0
g__Gluconacetobacter	0	0	0	0	0	36.913717875837	0	2.82823826210415	0	0	0	13.1704586612229	12.278978388998	7.74551341135647	2.91623409194302	0	0	0	0	14.539765531741
g__Gordonia	0	31.2730883347471	0	0	0	0	0	0	29.8003832787758	0	0	0	0	0	0	0	0	0	0	0
g__Granulicatella	0	789.645480452364	0	0	10.0179521702892	40.6050896634207	0	16.9694295726249	0	0	2.18243402501942	63.6572168625772	0	0	0	0	724.92222188661	539.554677407097	0	0
g__Haemophilus	1053.05913679238	813.100296703426	397.7449069066	669.011586064285	16.0287234724627	13034.2337819581	181.171044337838	0	3798.40269945625	574.905237446288	0	621.206633521012	98.2318271119842	0	39503.3070094603	11.3150331530471	1307.44900733121	2143.01998632115	564.250688520185	15750.9280005351
g__Herbaspirillum	0	0	0	13.5153855770563	0	40.6050896634207	0	0	0	0	0	50.4867582013543	21.4882121807466	0	0	0	0	0	0	0
g__Herbiconiux	0	230.63902646876	0	0	0	0	0	0	0	5.95756722742268	0	0	0	0	0	0	0	0	0	0
g__Holdemania	3700.75068072751	0	0	0	36.064627813041	0	128.329489739303	186.663725298874	0	0	0	0	52.1856581532416	56.1549722323344	142.895470505208	0	0	0	0	0
g__Hymenobacter	0	922.55610587504	0	0	0	18.4568589379185	0	0	0	0	0	4.39015288707428	0	25.1729185869086	2.91623409194302	0	0	0	2.68690804057231	0
g__Hyphomicrobium	0	324.458291473002	0	0	0	0	0	0	0	0	0	0	0	0	0	0	0	60.7948932289687	0	0
g__Janthinobacterium	30.0874039083538	0	0	0	0	0	0	0	41.2620691552279	4.46817542056701	0	0	0	0	0	0	0	0	0	0
g__Kaistobacter	0	562.915590025449	0	0	0	0	0	0	0	0	0	0	0	0	0	0	0	0	2.68690804057231	7.26988276587052
g__Kingella	0	770.099800243149	0	3.37884639426407	0	0	0	0	0	0	0	21.9507644353715	0	0	61.2409159308035	0	0	0	0	0
g__Klebsiella	0	2157.84309509755	0	187.525974881656	0	3.6913717875837	0	0	0	0	0	0	0	0	0	45.2601326121886	0	0	0	0
g__Knoellia	165.480721495945	0	0	0	0	0	0	0	0	1.48939180685567	0	0	0	0	0	0	0	0	0	0
g__Lachnobacterium	0	0	0	0	42.0753991152144	0	0	0	57.308429382261	0	0	0	21.4882121807466	0	157.476640964924	0	0	0	0	0
g__Lachnospira	2121.16197553894	0	0	0	176.315958197089	0	630.324258425397	0	16.0463602270331	46.1711460125257	0	19.7556879918342	15.3487229862475	0	17.4974045516581	0	6364.64450763543	6292.27144919825	0	0
g__Lactobacillus	4513.11058625306	2103.11519051174	135.59485462725	106.433661419318	8.01436173623132	0	335.92131137641	0	0	2.97878361371133	78.5676249006992	118.534127951006	15.3487229862475	7.74551341135647	0	0	198.490608373715	87.3926590166425	24.1821723651509	4.36192965952231
g__Lactococcus	0	7.81827208368677	0	3.37884639426407	6.01077130217349	0	7.54879351407661	0	0	0	93.8446630758353	0	0	0	0	0	0	83.5929781898319	0	0
g__Lautropia	0	1196.19562880408	0	0	0	0	41.5183643274213	0	48.1390806810993	0	0	0	0	0	0	0	0	0	40.3036206085846	1.4539765531741
g__Leptotrichia	0	2783.3048617925	0	11.8259623799242	0	0	0	0	0	0	0	0	0	0	0	0	0	0	8.06072412171693	7.26988276587052
g__Leuconostoc	0	0	0	0	0	0	0	0	0	0	0	0	0	0	0	0	69.0402116082488	345.77095523976	0	0
g__Methylobacterium	0	2818.48708616908	6.02643798343332	0	0	3.6913717875837	0	0	0	29.7878361371134	1073.75754030956	6.58522933061143	0	0	0	0	1039.91818734925	1732.65445702561	166.588298515483	0
g__Methylotenera	0	273.639522929038	0	0	0	0	0	0	0	0	0	0	0	0	0	0	8.63002645103109	0	0	0
g__Microbacterium	0	1938.93147675432	15.0660949585833	0	0	44.2964614510046	0	0	57.308429382261	0	6.54730207505827	6.58522933061143	6.13948919449901	3.87275670567824	0	0	0	0	5.37381608114462	0
g__Micrococcus	23332.7817309284	5566.60972358499	482.115038674666	76.0240438709416	46.0825799833301	47.9878332385883	33.9695708133448	33.9388591452498	364.48161087118	0	250.979912877234	39.5113759836686	15.3487229862475	7.74551341135647	2.91623409194302	22.6300663060943	1234.09378249745	1094.30807812144	271.377712097804	2.90795310634821
g__Microlunatus	0	0	0	0	0	0	0	0	2.29233717529044	0	0	0	0	0	0	0	0	0	26.8690804057231	0
g__Modestobacter	0	856.100793163702	30.1321899171666	0	0	0	0	0	0	0	0	0	0	0	0	0	4.31501322551553	0	0	0
g__Mogibacterium	0	0	0	0	12.021542604347	0	0	0	0	0	17.4594722001554	0	0	0	0	0	0	0	0	0
g__Mycobacterium	0	12790.6931289116	512.247228591832	0	0	0	0	5.6564765242083	4.58467435058087	0	93.8446630758353	48.2916817578172	0	3.87275670567824	0	11.3150331530471	185.545568697168	37.9968082681054	56.4250688520186	5.81590621269642
g__Neisseria	3640.57587291081	1293.92402985016	0	0	0	0	3.77439675703831	25.4541443589373	0	0	0	175.606115482971	0	25.1729185869086	766.969566181017	0	233.01071417784	0	338.550413112111	104.686311828536
g__Nitrospira	0	484.73286918858	141.621292610683	0	0	0	0	0	0	0	0	0	0	0	0	0	34.5201058041243	0	0	0
g__Nocardioides	0	132.910625422675	0	0	0	0	0	0	0	0	48.0135485504273	0	0	0	0	0	0	0	0	0
g__Novosphingobium	45.1311058625306	0	0	0	6.01077130217349	0	0	0	0	0	26.1892083002331	0	0	0	0	0	0	151.987233072422	0	0
g__Ochrobactrum	0	0	102.449445718366	0	0	40.6050896634207	0	0	0	0	32.7365103752913	0	0	0	0	0	0	0	0	0
g__Odoribacter	25890.2110631384	46655.5386594008	7273.91064600401	52786.0277943904	40492.5626723088	36.913717875837	0	0	351951.695871042	2.97878361371133	0	52780.6130848507	12.278978388998	5.80913505851735	5.83246818388606	0	4.31501322551553	26.5977657876739	24.1821723651509	5.81590621269642
g__Oenothera	0	175.911121882953	0	0	24.0430852086939	0	0	45.2518121936665	0	0	0	0	0	1099.86290441262	0	0	0	0	0	0
g__Oscillospira	23453.1313465618	3041.30784055417	578.538046409599	1772.20493379151	9230.54112970443	317.457973732199	14772.9889070479	26254.5357871128	5297.59121209621	5825.01135661253	176.777156026574	880.225653858394	42733.9145383104	3988.93940684858	28727.8220397308	6460.88393038992	87676.7537292504	89364.6933657571	2396.72197219051	2468.85218728963
g__Paenibacillus	0	0	42.1850658840333	0	0	0	0	22.6259060968332	0	0	0	0	0	0	0	0	0	0	0	0
g__Parabacteroides	421.223654716952	20859.1499192763	7228.71236112827	27.0307711541125	120740.366737193	44.2964614510046	26.4207772992682	16.9694295726249	19762.2387881788	458612.035775191	22112.4215414968	145911.121354802	58942.1660117879	126774.690760377	14904.8724439208	45.2601326121886	43.1501322551554	72.1939357094004	53.7381608114462	13466.7308354986
g__Paracoccus	0	527.733365648859	0	0	0	0	0	0	75.6471267845845	0	0	0	3.06974459724951	0	0	0	155.340476118559	151.987233072422	0	13.0857889785669
g__Paraprevotella	0	0	3.01321899171666	0	6.01077130217349	0	0	0	268.203449508981	0	0	926.322259172674	36066.4292730845	0	0	0	0	3.79968082681054	0	0
g__Parvimonas	0	0	0	0	0	0	0	33.9388591452498	0	0	0	0	0	0	0	0	0	0	0	71.2448511055311
g__Pedobacter	14156.1235388805	1012.46623483744	192.846015469866	0	36.064627813041	66.4446921765067	3.77439675703831	0	162.755939445621	0	61.1081527005438	52.6818346448915	0	0	0	0	245.955753854386	357.169997720191	13.4345402028615	0
g__Peptoniphilus	3685.70697877333	625.461766694943	111.489102693516	5.0682695913961	0	0	0	14.1411913105208	0	7.44695903427835	91.6622290508157	17.5606115482971	0	0	0	0	0	0	0	2.90795310634821
g__ph2	0	0	0	0	0	0	0	0	0	0	78.5676249006992	0	12.278978388998	0	0	0	0	0	0	0
g__Phascolarctobacterium	0	15.6365441673736	102.449445718366	5.0682695913961	0	7.38274357516741	0	0	128.370881816265	0	0	0	742.878192534381	2587.00147939306	0	0	0	3.79968082681054	2.68690804057231	0
g__Phormidium	0	0	0	0	0	0	15.0975870281533	0	0	0	0	0	0	0	0	0	0	0	10.7476321622892	0
g__Phycicoccus	15.0437019541769	132.910625422675	0	0	6.01077130217349	0	0	0	0	0	45.8311145254079	4.39015288707428	0	0	0	0	34.5201058041243	0	0	0
g__Phyllobacterium	1474.28279150934	0	0	0	0	0	0	0	0	0	0	0	3.06974459724951	0	0	0	151.025462893044	0	16.1214482434339	0
g__Polaromonas	60.1748078167075	832.645976912643	0	0	0	0	0	0	0	0	0	2.19507644353715	0	0	0	0	0	0	21.4952643245785	0
g__Pontibacter	0	0	0	0	4.00718086811566	0	0	0	0	0	0	0	21.4882121807466	0	0	0	0	0	0	0
g__Porphyromonas	0	0	9.03965697514998	18.5836551684524	20.0359043405783	0	30.1951740563064	0	926.104218817337	0	1460.048362738	46.09660531428	187.25442043222	0	0	0	0	15.1987233072422	0	761.883713863231
g__Prevotella	707.053991846314	9061.37734499298	473.075381699516	74.3346206738096	46.0825799833301	3.6913717875837	71.7135383837279	0	64320.6888014744	1.48939180685567	477.953051479254	46296.357270642	44007.8585461689	0	463.681220618941	33.9450994591414	60.4101851572175	18.9984041340527	10.7476321622892	114.864147700754
g__Propionibacterium	8875.78415296438	8017.6380218208	804.529470788348	8.44711598566017	144.258511252164	77.5188075392578	30.1951740563064	25.4541443589373	45.8467435058087	19.3620934891237	292.446159352603	206.337185692492	122.78978388998	19.3637835283911	8.74870227582908	22.6300663060943	2278.32698307221	1641.46211718216	88.6679653388863	17.4477186380893
g__Proteus	0	0	0	0	0	0	222.689408665261	506.254648916644	0	0	0	0	0	0	0	0	0	0	0	4.36192965952231
g__Pseudomonas	84034.1191160323	14534.1678035737	6577.85705891747	121.638470193506	312.560107713022	1897.36509881802	192.494234608954	328.075638404082	1794.90000825242	169.790665981546	1824.51484491624	1345.58185988827	927.062868369352	334.993455041168	29.1623409194302	147.095430989613	3624.61110943306	4609.0128429212	1450.93034190905	203.556717444375
g__Psychrobacter	0	82.0918568787113	102.449445718366	0	0	0	0	0	0	0	0	0	0	0	0	0	0	0	0	0
g__Psychromonas	0	0	0	0	0	0	0	0	0	0	0	0	0	0	0	0	34.5201058041243	178.584998860096	0	0
g__Rahnella	0	0	0	0	0	0	0	0	0	0	0	0	0	11.6182701170347	0	0	90.6152777358264	0	0	0
g__Rhodococcus	1504.37019541769	648.916582946004	479.101819682949	0	6.01077130217349	0	0	0	50.4314178563897	0	4.36486805003884	4.39015288707428	3.06974459724951	0	0	0	0	11.3990424804316	0	0
g__Robinsoniella	0	0	0	0	2.00359043405783	0	0	0	0	0	0	0	0	0	0	0	1009.71309477064	615.548293943308	0	0
g__Roseburia	2512.29822634754	0	0	0	8.01436173623132	92.2842946895926	1758.86888877985	33.9388591452498	55.0160922069705	7.44695903427835	2.18243402501942	908.761647624378	113.580550098232	0	52.4922136549745	1007.0379506212	750.812301239704	683.942548825897	29.5559884462955	0
g__Rothia	15.0437019541769	4472.05163186885	0	0	32.0574469449253	0	15.0975870281533	0	0	1.48939180685567	69.8378888006215	263.409173224457	12.278978388998	0	0	0	133.765409990982	72.1939357094004	85.981057298314	0
g__Rubellimicrobium	0	473.005461063049	0	0	14.0251330384049	0	0	0	0	0	0	0	0	0	0	0	0	0	0	0
g__Ruminococcus	50561.8822679885	3330.58390765057	1624.12503653528	15235.2183917367	2298.11822786433	32173.9965005796	3178.04206942626	3340.14938754501	2902.09886391769	1377.68742134149	7573.0460668174	1982.15402851405	1197.20039292731	3713.97368074542	22352.9343147433	2070.65106700763	197903.766575044	201215.89786458	5072.88238060052	15727.6643756843
g__Salmonella	0	62.5461766694943	0	1.68942319713203	0	0	0	0	0	0	0	0	0	0	0	0	0	0	0	0
g__Sediminibacterium	120.349615633415	35.1822243765904	0	0	0	3.6913717875837	0	0	0	0	0	0	0	0	8.74870227582908	0	0	91.192339843453	0	0
g__Serratia	0	58.637040627651	0	0	0	3.6913717875837	0	0	0	0	4.36486805003884	13.1704586612229	0	0	0	11.3150331530471	12.9450396765466	15.1987233072422	0	4.36192965952231
g__Shigella	15.0437019541769	23.4548162510603	6.02643798343332	0	0	11.0741153627511	0	0	0	0	0	0	0	0	0	0	8.63002645103109	0	0	0
g__SMB53	0	0	0	0	0	0	0	0	2.29233717529044	0	0	2.19507644353715	0	0	0	0	0	0	0	0
g__Solibacillus	0	0	0	0	0	0	0	0	0	0	0	0	0	0	0	0	245.955753854386	189.984041340527	0	0
g__Sphingobium	0	0	0	0	0	44.2964614510046	0	2.82823826210415	0	0	0	0	0	0	0	0	0	0	0	0
g__Sphingomonas	5611.30082890798	1438.56206339837	174.766701519566	5.0682695913961	22.0394947746361	0	0	0	11.4616858764522	22.3408771028351	718.02079423139	21.9507644353715	33.7671905697446	7.74551341135647	0	0	548.006679640474	1284.29211946196	212.265735205212	11.6318124253928
g__Spirosoma	0	0	0	0	0	0	0	0	0	0	0	13.1704586612229	0	0	0	0	0	0	83.2941492577417	0
g__Staphylococcus	3851.18770026928	26625.1255809954	207.912110428449	5.0682695913961	64.1148938898506	55.3705768137556	147.201473524494	0	114.616858764522	0	205.148798351826	296.335319877514	42.9764243614931	83.2642691720821	8.74870227582908	90.5202652243772	2675.30819981963	3871.87476251994	21.4952643245785	111.956194594406
g__Stenotrophomonas	0	11.7274081255302	0	0	16.0287234724627	7.38274357516741	0	0	4.58467435058087	0	0	13.1704586612229	0	0	0	0	60.4101851572175	3.79968082681054	0	0
g__Streptococcus	27710.4989995938	45240.4314122536	2015.84350545845	89.5394294479979	186.333910367378	889.620600807673	143.427076767456	79.1906713389163	103.15517288807	46.1711460125257	2568.72484744786	1336.80155411412	110.510805500982	73.5823774078864	253.712365999043	11.3150331530471	2580.37790885829	3229.72870278896	40.3036206085846	42.165320042049
g__Sutterella	0	187.638530008483	5719.08964627822	34153.3793532212	38533.0512278002	185694.457774398	7.54879351407661	2.82823826210415	63023.22596026	7828.2433368334	6.54730207505827	22016.6167286776	40210.5844793713	88887.5119087268	2.91623409194302	0	207513.301028268	193544.342275249	45019.1442197891	38041.8425372472
g__Terracoccus	0	258.002978761664	0	0	0	0	0	0	0	0	2.18243402501942	0	0	0	0	0	0	0	18.8083562840061	0
g__Trabulsiella	0	809.191160661582	0	0	0	0	22.6463805422298	0	0	0	58.9257186755244	0	0	0	0	0	4.31501322551553	0	0	0
g__Turicibacter	0	0	0	0	4.00718086811566	0	0	220.602584444124	0	58.0862804673711	0	1562.89442779845	95.1620825147347	0	0	0	0	0	0	0
g__Variovorax	3219.35221819385	1172.74081255302	15.0660949585833	0	8.01436173623132	7.38274357516741	0	0	0	0	1617.18361253939	32.9261466530571	0	0	0	0	0	0	21.4952643245785	0
g__Veillonella	0	11657.043676777	156.687387569266	1486.69241347619	22.0394947746361	284.235627643946	3691.36002838346	11.3129530484166	75.6471267845845	150.428572492423	87.2973610007769	153.6553510476	3.06974459724951	65.83686399653	472.42992289477	0	289.105886109541	235.580211262254	91.3548733794586	1590.65034917247
g__Williamsia	0	7.81827208368677	0	0	0	0	0	0	0	0	0	0	0	0	0	0	0	0	8.06072412171693	0
