	SRR2672245	SRR2672246	SRR2672250	SRR2672254	SRR2672253	SRR2672247	SRR2672251	SRR2672249	SRR2672252	SRR2672248
g__Bacteroides	579332.4445	783488.6501	431830.8475	780267.2383	747463.0256	692432.8723	930517.1358	722035.7977	722547.9574	613782.4492
g__Parabacteroides	21129.3886	137862.5709	102756.5557	77978.65088	159107.1825	196271.8158	8971.915427	118210.5754	120355.6179	66015.61422
g__Odoribacter	125663.7974	0	136958.9227	99741.50941	32.92099784	70903.96189	1.558435891	89477.50257	90027.7229	109989.2411
g__Sutterella	104077.131	9172.195385	76356.23961	15505.4949	8485.387192	18904.37769	22101.73781	14624.7431	13984.92767	173328.9194
g__Oscillospira	3008.222241	1443.642033	26506.70774	2119.938057	1892.957376	3636.422291	1616.098019	34781.5906	33028.48767	4303.566995
g__Fusobacterium	8.760111359	38849.00134	0	0	47373.31589	0	1397.916995	0	0	0
g__Ruminococcus	1503.235109	2866.311058	43873.87022	4050.736659	633.7292083	1550.273673	13966.70246	3027.394998	2871.869224	3420.784022
g__Blautia	600.9436392	132.829049	52294.00559	1891.394549	0	347.6914364	386.4921011	2715.87438	2975.431776	1875.913818
g__Bifidobacterium	126.1456036	17.47750645	49345.43833	9.851013275	24.69074838	100.3645383	710.6467665	123.3538017	139.4111274	1075.891749
g__Bilophila	3059.030886	10035.5842	3939.022413	1284.572131	12279.53219	2507.321235	433.2451778	7727.383917	7838.888535	1848.32685
g__Faecalibacterium	4993.263474	132.829049	20840.08836	12703.86672	16.46049892	121.8712251	1020.775509	181.8945889	151.3606526	5931.198102
g__Prevotella	22930.46749	6138.100265	5.066266769	7.88081062	11826.86847	39.42892578	77.92179457	64.81301445	35.84857562	358.6305829
g__Coprococcus	1925.472477	471.8926741	14684.57423	3071.545939	57.61174621	668.4995143	1316.878328	334.5187843	250.9400293	1406.935364
g__Akkermansia	355.6605212	3698.240365	12850.58566	0	6230.29884	12.54556729	0	0	0	0
g__Butyricimonas	15395.0197	0	0	0	0	0	0	0	0	0
g__Haemophilus	0	311.0996148	45.59640092	9.851013275	41.15124729	0	8870.617094	0	0	772.4351017
g__Pseudomonas	136.6577372	597.7307206	88.65966846	25.61263452	139.9142408	1143.438848	257.1419221	1775.040299	1641.068128	3944.936412
g__Dorea	839.2186681	97.87403612	5286.649374	697.4517399	32.92099784	568.134976	941.2952784	37.63336323	47.79810082	358.6305829
g__Paraprevotella	576.4153274	0	0	0	8.230249459	7729.861676	0	0	0	0
g__Streptococcus	7.008089087	192.2525709	263.445872	11.82121593	8.230249459	274.2102565	740.2570484	186.0760738	59.74762603	2069.022594
g__Roseburia	24.5283118	0	217.8494711	1.970202655	0	8.961119495	1421.293533	211.1649826	290.77178	689.6741979
g__Delftia	0	143.3155529	0	0	24.69074838	396.0814817	0	855.1136423	697.055637	193.1087754
g__Elizabethkingia	0	167.7840619	0	0	0	259.8724653	6.233743566	1371.527016	394.3343318	0
g__Lachnospira	0	0	1740.262635	0	0	26.88335848	0	22.99816642	27.88222548	0
g__Eggerthella	0	17.47750645	1613.605966	7.88081062	0	23.29891069	28.05184605	54.35930244	19.91587534	0
g__Escherichia	0	325.08162	30.39760062	238.3945213	493.8149675	100.3645383	204.1551018	125.4445441	211.1082786	27.58696792
g__Propionibacterium	22.77628953	255.1715942	25.33133385	37.43385045	0	98.57231444	37.40246139	144.2612257	67.71397616	1048.304781
g__Corynebacterium	26.28033408	69.9100258	2.533133385	1.970202655	24.69074838	107.5334339	48.31151263	64.81301445	35.84857562	1103.478717
g__Veillonella	1.752022272	76.90102838	20.26506708	19.70202655	8.230249459	0	1094.021996	0	19.91587534	110.3478717
g__Campylobacter	0	0	2.533133385	65.01668762	0	0	913.2434324	0	0	110.3478717
g__Staphylococcus	3.504044543	52.43251935	12.66566692	3.94040531	16.46049892	17.92223899	84.15553814	100.3556353	23.89905041	772.4351017
g__Eubacterium	7.008089087	34.9550129	1005.653954	0	32.92099784	0	1.558435891	0	3.983175069	0
g__Desulfovibrio	467.7899465	199.2435735	0	0	279.8284816	0	0	0	0	0
g__Actinobacillus	0	0	5.066266769	0	0	0	1.558435891	0	0	910.3699412
g__Alistipes	131.4016704	0	10.13253354	0	0	0	0	6.272227205	3.983175069	717.2611658
g__Neisseria	0	0	0	0	16.46049892	48.39004527	201.03823	0	0	524.1523904
g__Micrococcus	5.256066815	0	0	7.88081062	57.61174621	28.67558238	18.7012307	227.8909218	438.1492575	0
g__Holdemania	54.31269042	0	458.4971426	82.74851151	0	103.9489861	0	0	0	55.17393583
g__Collinsella	77.08897996	24.46850903	7.599400154	13.79141859	0	132.6245685	0	181.8945889	63.7308011	165.5218075
g__Dialister	0	0	0	0	0	94.98786664	395.8427164	54.35930244	27.88222548	0
g__Rothia	0	90.88303354	7.599400154	0	0	0	14.02592302	0	127.4616022	331.043615
g__Chryseobacterium	0	87.38753225	0	0	0	64.52006036	0	43.90559044	282.8054299	0
g__Pedobacter	0	41.94601548	0	0	0	100.3645383	0	267.6150274	67.71397616	0
g__Enterococcus	0	17.47750645	0	0	0	399.6659295	0	0	0	55.17393583
g__Mycobacterium	0	20.97300774	0	0	8.230249459	17.92223899	6.233743566	0	0	386.2175508
g__Enterobacter	0	3.49550129	0	0	8.230249459	0	14.02592302	144.2612257	254.9232044	0
g__Anaerostipes	0	0	32.930734	0	0	0	0	123.3538017	219.0746288	0
g__Herbaspirillum	0	3.49550129	0	0	0	3.584447798	1.558435891	0	0	303.4566471
g__Acinetobacter	10.51213363	24.46850903	48.12953431	0	24.69074838	0	9.350615348	54.35930244	107.5457268	27.58696792
g__Cloacibacterium	0	0	0	0	0	94.98786664	7.792179457	0	0	193.1087754
g__Aerococcus	0	0	0	0	0	0	0	35.54262083	0	248.2827112
g__Sphingomonas	1.752022272	0	0	5.910607965	0	0	46.75307674	96.17415048	0	110.3478717
g__Agrobacterium	0	13.98200516	25.33133385	1.970202655	57.61174621	0	68.57117922	0	67.71397616	0
g__Facklamia	0	0	0	0	0	0	0	0	0	220.6957433
g__Clostridium	10.51213363	3.49550129	154.5211365	5.910607965	0	17.92223899	0	4.181484803	3.983175069	0
g__Trabulsiella	0	3.49550129	0	0	0	0	160.5188968	0	3.983175069	27.58696792
g__Lactobacillus	0	13.98200516	0	0	0	0	48.31151263	41.81484803	27.88222548	55.17393583
g__Actinomyces	1.752022272	17.47750645	0	0	0	0	28.05184605	29.27039362	107.5457268	0
g__Nitrospira	0	27.96401032	5.066266769	0	0	0	0	0	0	137.9348396
g__Comamonas	14.01617817	0	0	0	0	10.75334339	3.116871783	0	0	137.9348396
g__Oxalobacter	0	0	10.13253354	0	0	0	0	96.17415048	35.84857562	0
g__Frondihabitans	0	17.47750645	0	0	8.230249459	0	0	0	0	110.3478717
g__Enhydrobacter	3.504044543	0	7.599400154	1.970202655	0	50.18226917	1.558435891	31.36113603	19.91587534	0
g__Devosia	0	6.99100258	0	0	0	10.75334339	9.350615348	20.90742402	51.78127589	0
g__Epulopiscium	0	0	30.39760062	5.910607965	8.230249459	0	0	0	51.78127589	0
g__Gemella	8.760111359	0	0	0	0	75.27340376	7.792179457	0	0	0
g__Variovorax	1.752022272	13.98200516	0	0	0	53.76671697	0	0	7.966350137	0
g__Methylobacterium	0	0	0	0	8.230249459	0	17.14279481	50.17781764	0	0
g__Microbacterium	29.78437862	0	0	0	0	35.84447798	0	2.090742402	0	0
g__Stenotrophomonas	0	10.48650387	0	0	8.230249459	37.63670188	0	4.181484803	0	0
g__Brevundimonas	0	0	2.533133385	0	0	0	0	2.090742402	0	55.17393583
g__Gluconacetobacter	1.752022272	27.96401032	0	0	0	23.29891069	0	0	0	0
g__Anaerococcus	0	20.97300774	0	0	0	14.33779119	6.233743566	0	0	0
g__Actinotalea	0	0	0	0	0	0	0	35.54262083	0	0
g__Leptotrichia	0	0	0	19.70202655	0	0	6.233743566	0	7.966350137	0
g__Phycicoccus	1.752022272	13.98200516	0	0	0	0	10.90905124	0	0	0
